{"66": {"physical_activity": {"physicalactivity_calories": {"means": [[0.48103564846607083, 7.0107586576304034e-161, 0.23949497939388192, 0.14629631807697513], [0.409369863142335, 0.0, 0.013390404881971539, 0.01865218985179123], [0.5094378414660325, 0.9130434782608696, 0.11057692307692306, 0.18671890747833095], [0.44359172709362404, 0.0, 0.05445682992543319, 0.15491407250071473]]}, "physicalactivity_intense_time": {"means": [[0.48103564846607083, 7.0107586576304034e-161, 0.23949497939388192, 0.14629631807697513], [0.409369863142335, 0.0, 0.013390404881971539, 0.01865218985179123], [0.5094378414660325, 0.9130434782608696, 0.11057692307692306, 0.18671890747833095], [0.44359172709362404, 0.0, 0.05445682992543319, 0.15491407250071473]]}, "physicalactivity_moderate_time": {"means": [[0.48103564846607083, 7.0107586576304034e-161, 0.23949497939388192, 0.14629631807697513], [0.409369863142335, 0.0, 0.013390404881971539, 0.01865218985179123], [0.5094378414660325, 0.9130434782608696, 0.11057692307692306, 0.18671890747833095], [0.44359172709362404, 0.0, 0.05445682992543319, 0.15491407250071473]]}, "physicalactivity_soft_time": {"means": [[0.48103564846607083, 7.0107586576304034e-161, 0.23949497939388192, 0.14629631807697513], [0.409369863142335, 0.0, 0.013390404881971539, 0.01865218985179123], [0.5094378414660325, 0.9130434782608696, 0.11057692307692306, 0.18671890747833095], [0.44359172709362404, 0.0, 0.05445682992543319, 0.15491407250071473]]}, "covars": [[[0.0015490974480427144, 0.0, 0.0, 0.0], [0.0, 0.0011319895138246778, 0.0, 0.0], [0.0, 0.0, 0.019523676032189262, 0.0], [0.0, 0.0, 0.0, 0.008358369485397617]], [[0.003417333485985731, 0.0, 0.0, 0.0], [0.0, 0.0002620977841139805, 0.0, 0.0], [0.0, 0.0, 0.0010604159691916038, 0.0], [0.0, 0.0, 0.0, 0.0007549280600727264]], [[0.01, 0.0, 0.0, 0.0], [0.0, 0.01, 0.0, 0.0], [0.0, 0.0, 0.01, 0.0], [0.0, 0.0, 0.0, 0.01]], [[0.0002457032329323581, 0.0, 0.0, 0.0], [0.0, 7.691580141785668e-05, 0.0, 0.0], [0.0, 0.0, 0.002298768018655426, 0.0], [0.0, 0.0, 0.0, 0.001098539377707754]]], "transmat": [[0.299691291463431, 0.22159233887944849, 1.3084601312529493e-21, 0.4787163696571205], [0.040362241411975475, 0.8344094791304426, 2.8417553070395223e-65, 0.12522827945758183], [7.679302070855279e-21, 4.94316641311583e-43, 9.351437362143448e-216, 1.0], [0.03604987038882724, 0.039954616207187786, 0.0076915874234600315, 0.9163039259805249]]}, "quality_of_sleep": {"sleep_awake_time": {"means": [[0.022369756590683937, 0.2665860753390078, 0.2891806896744717, 0.03794697355920851, 3.2941014872777154e-06], [0.10058273428562108, 0.2869829932394577, 0.43866383595563185, 0.12091578832223117, 0.09571235749865928], [0.10034821786552332, 0.3176359604357402, 0.36060415228057374, 0.042339460195813604, 0.20429856638472896], [0.05506983628340939, 0.3118605498569841, 0.3416957704113845, 0.046323206435393983, 0.07692307696472277]]}, "sleep_deep_time": {"means": [[0.022369756590683937, 0.2665860753390078, 0.2891806896744717, 0.03794697355920851, 3.2941014872777154e-06], [0.10058273428562108, 0.2869829932394577, 0.43866383595563185, 0.12091578832223117, 0.09571235749865928], [0.10034821786552332, 0.3176359604357402, 0.36060415228057374, 0.042339460195813604, 0.20429856638472896], [0.05506983628340939, 0.3118605498569841, 0.3416957704113845, 0.046323206435393983, 0.07692307696472277]]}, "sleep_light_time": {"means": [[0.022369756590683937, 0.2665860753390078, 0.2891806896744717, 0.03794697355920851, 3.2941014872777154e-06], [0.10058273428562108, 0.2869829932394577, 0.43866383595563185, 0.12091578832223117, 0.09571235749865928], [0.10034821786552332, 0.3176359604357402, 0.36060415228057374, 0.042339460195813604, 0.20429856638472896], [0.05506983628340939, 0.3118605498569841, 0.3416957704113845, 0.046323206435393983, 0.07692307696472277]]}, "sleep_tosleep_time": {"means": [[0.022369756590683937, 0.2665860753390078, 0.2891806896744717, 0.03794697355920851, 3.2941014872777154e-06], [0.10058273428562108, 0.2869829932394577, 0.43866383595563185, 0.12091578832223117, 0.09571235749865928], [0.10034821786552332, 0.3176359604357402, 0.36060415228057374, 0.042339460195813604, 0.20429856638472896], [0.05506983628340939, 0.3118605498569841, 0.3416957704113845, 0.046323206435393983, 0.07692307696472277]]}, "sleep_wakeup_num": {"means": [[0.022369756590683937, 0.2665860753390078, 0.2891806896744717, 0.03794697355920851, 3.2941014872777154e-06], [0.10058273428562108, 0.2869829932394577, 0.43866383595563185, 0.12091578832223117, 0.09571235749865928], [0.10034821786552332, 0.3176359604357402, 0.36060415228057374, 0.042339460195813604, 0.20429856638472896], [0.05506983628340939, 0.3118605498569841, 0.3416957704113845, 0.046323206435393983, 0.07692307696472277]]}, "covars": [[[0.00047043347039290407, 0.0, 0.0, 0.0, 0.0], [0.0, 0.004579969076873908, 0.0, 0.0, 0.0], [0.0, 0.0, 0.018632667272050884, 0.0, 0.0], [0.0, 0.0, 0.0, 0.0007659351811255111, 0.0], [0.0, 0.0, 0.0, 0.0, 0.0003133159265865454]], [[0.0025548294732330714, 0.0, 0.0, 0.0, 0.0], [0.0, 0.007976246072280929, 0.0, 0.0, 0.0], [0.0, 0.0, 0.0050485234983679425, 0.0, 0.0], [0.0, 0.0, 0.0, 0.006544258214054597, 0.0], [0.0, 0.0, 0.0, 0.0, 0.005314427513219257]], [[0.0023056595586616806, 0.0, 0.0, 0.0, 0.0], [0.0, 0.012355473144046747, 0.0, 0.0, 0.0], [0.0, 0.0, 0.011212648995340661, 0.0, 0.0], [0.0, 0.0, 0.0, 0.0009737940887088813, 0.0], [0.0, 0.0, 0.0, 0.0, 0.005877040592001766]], [[0.0005700346759886247, 0.0, 0.0, 0.0, 0.0], [0.0, 0.005892856419357201, 0.0, 0.0, 0.0], [0.0, 0.0, 0.008957085162258668, 0.0, 0.0], [0.0, 0.0, 0.0, 0.0006007028337845041, 0.0], [0.0, 0.0, 0.0, 0.0, 0.00012832071184200962]]], "transmat": [[0.40664176034028315, 0.03190442583313575, 0.208666183014162, 0.35278763081241904], [9.34235227555676e-18, 4.1583242861457275e-11, 0.7582069364555073, 0.24179306350290938], [0.29372434220774585, 0.16388663899398181, 2.778050806245669e-05, 0.54236123829021], [0.1589119178114024, 0.04479833738203861, 0.11712011694651144, 0.6791696278600475]]}, "walking": {"walk_distance": {"means": [[0.07076494827963797, 0.10128802589793846], [0.17999840156689784, 0.2536934311913786], [0.4028417626610793, 0.5322852808870288], [0.129578355286402, 0.18345755558528432], [0.000989214497678728, 0.0014247692132932197], [0.25260121900431526, 0.3587478833803336]]}, "walk_steps": {"means": [[0.07076494827963797, 0.10128802589793846], [0.17999840156689784, 0.2536934311913786], [0.4028417626610793, 0.5322852808870288], [0.129578355286402, 0.18345755558528432], [0.000989214497678728, 0.0014247692132932197], [0.25260121900431526, 0.3587478833803336]]}, "covars": [[[0.0007207737470884614, 0.0], [0.0, 0.0010674097142839968]], [[0.0005948803782440981, 0.0], [0.0, 0.0008972579210519162]], [[0.00628622351770511, 0.0], [0.0, 0.01316593892954662]], [[0.00040951564841598936, 0.0], [0.0, 0.0006566041549016506]], [[0.0005085392169055776, 0.0], [0.0, 0.0005176125562272362]], [[0.0010667095498135175, 0.0], [0.0, 0.0015684200800833276]]], "transmat": [[0.2707871677229366, 0.26519283446978437, 1.908287752407309e-12, 0.4273911394678274, 0.03662656841229363, 2.289925249885623e-06], [0.07557636236415465, 0.3273336919390332, 3.2969620314492113e-10, 0.47245769213038996, 1.3355086513029886e-05, 0.1246188981502127], [0.38836741022484944, 5.315292366269733e-22, 4.91061610400684e-22, 0.28415430816410886, 4.634654240738492e-44, 0.3274782816110417], [0.13140272366450778, 0.2038637646611113, 0.042410353234470295, 0.4677083210742566, 0.027628398985550914, 0.1269864383801031], [0.1500963948824925, 1.3180935633877505e-52, 1.7516453773867022e-85, 1.3467054171737899e-10, 0.849903604982837, 2.877276426483617e-93], [0.28599768222463007, 0.17505150853695756, 1.0283323648142127e-28, 0.47603103670629004, 1.1446144331574675e-17, 0.06291977253212236]]}}, "67": {"physical_activity": {"physicalactivity_calories": {"means": [[0.4008612719112987, 3.601749863139058e-07, 0.04606883275733977, 0.07143277364122656], [0.4426087990032866, 0.5258317220307415, 0.16200086425991347, 0.07055625616270585], [0.4367230479192505, 0.002880670850212858, 0.2096149216217634, 0.11563509099718464]]}, "physicalactivity_intense_time": {"means": [[0.4008612719112987, 3.601749863139058e-07, 0.04606883275733977, 0.07143277364122656], [0.4426087990032866, 0.5258317220307415, 0.16200086425991347, 0.07055625616270585], [0.4367230479192505, 0.002880670850212858, 0.2096149216217634, 0.11563509099718464]]}, "physicalactivity_moderate_time": {"means": [[0.4008612719112987, 3.601749863139058e-07, 0.04606883275733977, 0.07143277364122656], [0.4426087990032866, 0.5258317220307415, 0.16200086425991347, 0.07055625616270585], [0.4367230479192505, 0.002880670850212858, 0.2096149216217634, 0.11563509099718464]]}, "physicalactivity_soft_time": {"means": [[0.4008612719112987, 3.601749863139058e-07, 0.04606883275733977, 0.07143277364122656], [0.4426087990032866, 0.5258317220307415, 0.16200086425991347, 0.07055625616270585], [0.4367230479192505, 0.002880670850212858, 0.2096149216217634, 0.11563509099718464]]}, "covars": [[[0.00017090171386966913, 0.0, 0.0, 0.0], [0.0, 7.050917374296106e-05, 0.0, 0.0], [0.0, 0.0, 0.002622070922083297, 0.0], [0.0, 0.0, 0.0, 0.001030779364189546]], [[0.006338772032536831, 0.0, 0.0, 0.0], [0.0, 0.09834902652068435, 0.0, 0.0], [0.0, 0.0, 0.0031094882373903783, 0.0], [0.0, 0.0, 0.0, 0.0014648409057822767]], [[0.0007473714292481131, 0.0, 0.0, 0.0], [0.0, 0.0005984924035870215, 0.0, 0.0], [0.0, 0.0, 0.01166635734703947, 0.0], [0.0, 0.0, 0.0, 0.003114315328044824]]], "transmat": [[0.8682092058175841, 0.05891577780437041, 0.07287501637804557], [0.5602327727406341, 0.3103209098476553, 0.12944631741171056], [0.538430859680873, 0.12632399749368892, 0.3352451428254381]]}, "quality_of_sleep": {"sleep_awake_time": {"means": [[0.04572867172438516, 0.3910121104458716, 0.4593303870762467, 0.02556773222252428, 0.08360890014468986], [0.16250625883044248, 0.4155022176155439, 0.5492110034857006, 0.03156398174214798, 0.27118459366768355]]}, "sleep_deep_time": {"means": [[0.04572867172438516, 0.3910121104458716, 0.4593303870762467, 0.02556773222252428, 0.08360890014468986], [0.16250625883044248, 0.4155022176155439, 0.5492110034857006, 0.03156398174214798, 0.27118459366768355]]}, "sleep_light_time": {"means": [[0.04572867172438516, 0.3910121104458716, 0.4593303870762467, 0.02556773222252428, 0.08360890014468986], [0.16250625883044248, 0.4155022176155439, 0.5492110034857006, 0.03156398174214798, 0.27118459366768355]]}, "sleep_tosleep_time": {"means": [[0.04572867172438516, 0.3910121104458716, 0.4593303870762467, 0.02556773222252428, 0.08360890014468986], [0.16250625883044248, 0.4155022176155439, 0.5492110034857006, 0.03156398174214798, 0.27118459366768355]]}, "sleep_wakeup_num": {"means": [[0.04572867172438516, 0.3910121104458716, 0.4593303870762467, 0.02556773222252428, 0.08360890014468986], [0.16250625883044248, 0.4155022176155439, 0.5492110034857006, 0.03156398174214798, 0.27118459366768355]]}, "covars": [[[0.0008928259993188083, 0.0, 0.0, 0.0, 0.0], [0.0, 0.01057694883905162, 0.0, 0.0, 0.0], [0.0, 0.0, 0.014554446112018761, 0.0, 0.0], [0.0, 0.0, 0.0, 0.0007346986565649921, 0.0], [0.0, 0.0, 0.0, 0.0, 0.0038155123561346886]], [[0.004210534528762329, 0.0, 0.0, 0.0, 0.0], [0.0, 0.011022259664142331, 0.0, 0.0, 0.0], [0.0, 0.0, 0.023282938508752595, 0.0, 0.0], [0.0, 0.0, 0.0, 0.0011675992272058135, 0.0], [0.0, 0.0, 0.0, 0.0, 0.008890092079260588]]], "transmat": [[0.7457416217600531, 0.25425837823994685], [0.6271797676122317, 0.37282023238776835]]}, "walking": {"walk_distance": {"means": [[0.09064037850180505, 0.135795710274218], [0.1501171897543886, 0.22301626526054222], [0.27955867068033535, 0.3823655323779586], [0.03750836774114082, 0.056904380029145794]]}, "walk_steps": {"means": [[0.09064037850180505, 0.135795710274218], [0.1501171897543886, 0.22301626526054222], [0.27955867068033535, 0.3823655323779586], [0.03750836774114082, 0.056904380029145794]]}, "covars": [[[0.00038233072517530734, 0.0], [0.0, 0.0006331807098229419]], [[0.0007096761588837903, 0.0], [0.0, 0.000962358365927749]], [[0.002979192404282991, 0.0], [0.0, 0.006251208076613842]], [[0.000551071584724524, 0.0], [0.0, 0.001073775458440478]]], "transmat": [[0.36618991222028735, 0.24434790650491373, 0.14275936322351127, 0.24670281805128771], [0.38250493254204904, 0.17688340516145945, 0.12944955766204688, 0.3111621046344446], [0.22406968073375258, 0.2838002630067611, 0.3636902546653191, 0.1284398015941672], [0.22347092983531955, 0.112880183183979, 0.06879906052420968, 0.5948498264564918]]}}, "68": {"physical_activity": {"physicalactivity_calories": {"means": [[0.46213385659897405, 1.2982868775946305e-06, 0.012541638161048248, 0.13021923656634757], [0.484591558322504, 0.003811263714812819, 0.07755241348974362, 0.17832259348412033], [0.4756170198613543, 5.3492487201321296e-21, 0.06250000000004474, 0.8156999596853923], [0.4391756277280431, 8.349364436605235e-15, 0.00014722831984824558, 0.00707201273706691], [0.33203406691543114, 3.8692871023720356e-05, 0.13886094942364263, 0.09907986991791716]]}, "physicalactivity_intense_time": {"means": [[0.46213385659897405, 1.2982868775946305e-06, 0.012541638161048248, 0.13021923656634757], [0.484591558322504, 0.003811263714812819, 0.07755241348974362, 0.17832259348412033], [0.4756170198613543, 5.3492487201321296e-21, 0.06250000000004474, 0.8156999596853923], [0.4391756277280431, 8.349364436605235e-15, 0.00014722831984824558, 0.00707201273706691], [0.33203406691543114, 3.8692871023720356e-05, 0.13886094942364263, 0.09907986991791716]]}, "physicalactivity_moderate_time": {"means": [[0.46213385659897405, 1.2982868775946305e-06, 0.012541638161048248, 0.13021923656634757], [0.484591558322504, 0.003811263714812819, 0.07755241348974362, 0.17832259348412033], [0.4756170198613543, 5.3492487201321296e-21, 0.06250000000004474, 0.8156999596853923], [0.4391756277280431, 8.349364436605235e-15, 0.00014722831984824558, 0.00707201273706691], [0.33203406691543114, 3.8692871023720356e-05, 0.13886094942364263, 0.09907986991791716]]}, "physicalactivity_soft_time": {"means": [[0.46213385659897405, 1.2982868775946305e-06, 0.012541638161048248, 0.13021923656634757], [0.484591558322504, 0.003811263714812819, 0.07755241348974362, 0.17832259348412033], [0.4756170198613543, 5.3492487201321296e-21, 0.06250000000004474, 0.8156999596853923], [0.4391756277280431, 8.349364436605235e-15, 0.00014722831984824558, 0.00707201273706691], [0.33203406691543114, 3.8692871023720356e-05, 0.13886094942364263, 0.09907986991791716]]}, "covars": [[[0.0002213065678818959, 0.0, 0.0, 0.0], [0.0, 0.00013515557433767838, 0.0, 0.0], [0.0, 0.0, 0.0004174650048889335, 0.0], [0.0, 0.0, 0.0, 0.0013169266482949006]], [[0.00023956565815796323, 0.0, 0.0, 0.0], [0.0, 0.0002678961288740913, 0.0, 0.0], [0.0, 0.0, 0.001089203311243729, 0.0], [0.0, 0.0, 0.0, 0.0009228580290336108]], [[0.010000000000000677, 0.0, 0.0, 0.0], [0.0, 0.009999999999999844, 0.0, 0.0], [0.0, 0.0, 0.010000000000012027, 0.0], [0.0, 0.0, 0.0, 0.010000000000099431]], [[0.0005537021550588105, 0.0, 0.0, 0.0], [0.0, 0.0005469240797087614, 0.0, 0.0], [0.0, 0.0, 0.0005551376165255856, 0.0], [0.0, 0.0, 0.0, 0.0007227795603191499]], [[0.031194514449186212, 0.0, 0.0, 0.0], [0.0, 0.00327747419121442, 0.0, 0.0], [0.0, 0.0, 0.02195293356003562, 0.0], [0.0, 0.0, 0.0, 0.010425348850077844]]], "transmat": [[0.7069107438090819, 0.25505347425935626, 0.013511203343450778, 0.02452457858811104, 3.0545011812524046e-22], [0.1914627004779244, 0.7716024541287165, 5.607954614179988e-21, 8.426267725342345e-17, 0.036934845393359075], [5.425185095560239e-50, 2.1462566111421857e-86, 1.3583016498725007e-139, 1.0, 3.757379000814714e-42], [0.19280503605581523, 2.5232782157824253e-18, 9.533522371692274e-70, 0.8071949639441847, 8.086180572873531e-28], [0.6540439271722218, 3.4631045692911094e-06, 7.254140044518772e-105, 0.345952609723209, 2.882269002093103e-27]]}, "quality_of_sleep": {"sleep_awake_time": {"means": [[0.05077193798366656, 0.07583945365412595, 0.27561804294075676, 0.0033828261773288766, 0.11207291599622622], [0.17732920941326846, 0.1387837224623963, 0.3673130160473292, 0.06880623200069577, 0.23407631858278605], [0.19932098388685118, 0.24318057838416174, 0.5754938565318147, 0.014203364590310637, 0.39774641823388274], [0.10354796556337134, 0.19530832943125911, 0.38324347619428756, 0.006266122086716781, 0.21458624918588234]]}, "sleep_deep_time": {"means": [[0.05077193798366656, 0.07583945365412595, 0.27561804294075676, 0.0033828261773288766, 0.11207291599622622], [0.17732920941326846, 0.1387837224623963, 0.3673130160473292, 0.06880623200069577, 0.23407631858278605], [0.19932098388685118, 0.24318057838416174, 0.5754938565318147, 0.014203364590310637, 0.39774641823388274], [0.10354796556337134, 0.19530832943125911, 0.38324347619428756, 0.006266122086716781, 0.21458624918588234]]}, "sleep_light_time": {"means": [[0.05077193798366656, 0.07583945365412595, 0.27561804294075676, 0.0033828261773288766, 0.11207291599622622], [0.17732920941326846, 0.1387837224623963, 0.3673130160473292, 0.06880623200069577, 0.23407631858278605], [0.19932098388685118, 0.24318057838416174, 0.5754938565318147, 0.014203364590310637, 0.39774641823388274], [0.10354796556337134, 0.19530832943125911, 0.38324347619428756, 0.006266122086716781, 0.21458624918588234]]}, "sleep_tosleep_time": {"means": [[0.05077193798366656, 0.07583945365412595, 0.27561804294075676, 0.0033828261773288766, 0.11207291599622622], [0.17732920941326846, 0.1387837224623963, 0.3673130160473292, 0.06880623200069577, 0.23407631858278605], [0.19932098388685118, 0.24318057838416174, 0.5754938565318147, 0.014203364590310637, 0.39774641823388274], [0.10354796556337134, 0.19530832943125911, 0.38324347619428756, 0.006266122086716781, 0.21458624918588234]]}, "sleep_wakeup_num": {"means": [[0.05077193798366656, 0.07583945365412595, 0.27561804294075676, 0.0033828261773288766, 0.11207291599622622], [0.17732920941326846, 0.1387837224623963, 0.3673130160473292, 0.06880623200069577, 0.23407631858278605], [0.19932098388685118, 0.24318057838416174, 0.5754938565318147, 0.014203364590310637, 0.39774641823388274], [0.10354796556337134, 0.19530832943125911, 0.38324347619428756, 0.006266122086716781, 0.21458624918588234]]}, "covars": [[[0.0012403624189362503, 0.0, 0.0, 0.0, 0.0], [0.0, 0.0012268540961580645, 0.0, 0.0, 0.0], [0.0, 0.0, 0.014207695728631693, 0.0, 0.0], [0.0, 0.0, 0.0, 0.00039528063862857013, 0.0], [0.0, 0.0, 0.0, 0.0, 0.003582261782281373]], [[0.003845377378649009, 0.0, 0.0, 0.0, 0.0], [0.0, 0.002149700493037796, 0.0, 0.0, 0.0], [0.0, 0.0, 0.015723432748949384, 0.0, 0.0], [0.0, 0.0, 0.0, 0.00399234553176783, 0.0], [0.0, 0.0, 0.0, 0.0, 0.007784683215149893]], [[0.003430159244250119, 0.0, 0.0, 0.0, 0.0], [0.0, 0.011956226710174489, 0.0, 0.0, 0.0], [0.0, 0.0, 0.009514665487297142, 0.0, 0.0], [0.0, 0.0, 0.0, 0.0008510457582239489, 0.0], [0.0, 0.0, 0.0, 0.0, 0.005940978898011817]], [[0.002203610797906451, 0.0, 0.0, 0.0, 0.0], [0.0, 0.010037513854913431, 0.0, 0.0, 0.0], [0.0, 0.0, 0.010955293534645848, 0.0, 0.0], [0.0, 0.0, 0.0, 0.00033068926382465933, 0.0], [0.0, 0.0, 0.0, 0.0, 0.0054522098322563285]]], "transmat": [[0.5655215498537215, 0.12432883464033928, 0.14864440947085467, 0.16150520603508456], [0.31856119698712676, 0.45971060556772353, 0.14984860630769595, 0.07187959113745372], [0.1441858264803673, 1.225084962685451e-05, 0.46402932681533454, 0.3917725958546712], [0.07663508808367196, 0.08702519782972935, 0.07913687613082665, 0.7572028379557719]]}, "walking": {"walk_distance": {"means": [[0.07898350169084609, 0.11557107983754764], [0.2092119562449442, 0.29170925508053025], [0.3222450167915801, 0.4458057377110507], [0.15155532396873989, 0.2162711605802831], [0.008908619612821826, 0.013508341209662674]]}, "walk_steps": {"means": [[0.07898350169084609, 0.11557107983754764], [0.2092119562449442, 0.29170925508053025], [0.3222450167915801, 0.4458057377110507], [0.15155532396873989, 0.2162711605802831], [0.008908619612821826, 0.013508341209662674]]}, "covars": [[[0.0005616954026424215, 0.0], [0.0, 0.0009682234325885618]], [[0.0007944613234110381, 0.0], [0.0, 0.0012262120706089995]], [[0.005611599636724716, 0.0], [0.0, 0.008780037986206999]], [[0.0005280791451996407, 0.0], [0.0, 0.0007399150425491391]], [[0.0006541309208614725, 0.0], [0.0, 0.0008938367968442833]]], "transmat": [[0.6005664439723795, 0.05020342680222647, 2.2871439085109066e-07, 0.3492299004965646, 1.443867893320071e-11], [0.12426440677682707, 0.49314004603892864, 0.103112533508312, 0.27938797738345156, 9.503629248063874e-05], [4.837358255319243e-09, 0.5346310875523002, 2.5197957550940114e-16, 0.25463150027318565, 0.21073740733715574], [0.1792588690419067, 0.19735681693272875, 2.6107667551280502e-09, 0.551247305491133, 0.07213700592346478], [0.022023773547637588, 2.3973603895193703e-14, 0.04758147594051048, 0.1690416163492947, 0.7613531341625333]]}}}